13.12114427900498 -11.548990721907
3.1917053537406517 -19.69697883714767
3.6273844161686277 14.887775899853608
6.3018081121442435 -18.822918814663613
-2.1752145147071147 -4.621855032444575
-0.5372994060581746 -4.155506534020649
-10.72500011868848 11.542557471571783
16.584306626347143 -16.965695842209495
9.530876774157065 -13.918454165131893
10.997063866867517 -19.517196304505244
5.017316763540343 -8.86822828632917
7.238468060799658 -17.440987036062026
-4.135534859941865 11.399773727337283
17.76170401020036 2.116232190302707
-9.848442745943338 11.644597991725895
-16.600849080060485 -6.062132578927777
17.84654965364477 -0.10742045860044414
18.343299168625848 -14.861572787513978
-15.137966096274788 0.7628822094084775
-10.859030478945444 4.455855189031574
15.30991823344219 -3.7072034717895797
2.1252890193298555 -14.13249456085978
-17.31519733480249 16.62987494123555
-4.513756269900785 10.221653139483607
-15.142336697792441 4.387696198211518
-11.563993607372613 -14.691397419183566
2.0494408380281683 -12.553982460600537
-9.046615366756168 -14.385836576189671
-12.411537037060615 -4.99477616003305
17.215497627650677 16.67956147542985
6.9765519204988955 10.017378633474152
-16.858486948549782 0.21012093454733005
-7.552655156123166 8.329770965281046
18.314627726712644 -1.2738715821617248
10.586729070632245 6.191057945696393
-1.48241966186513 10.153827683490228
18.152700929053204 -9.901885012984785
5.637725645990965 -18.192248513929773
-5.6213158888297965 -5.860599108828364
-16.162859771133768 -18.118758524238693
-0.4795109240878581 -7.5669922702007675
8.063400883973468 7.0641347193265815
1.7159449006258107 -16.04923908690129
-16.551136611795915 -8.430045752296614
-3.7085491804250204 5.81247688956676
9.992636511225367 3.166604494104593
9.464498548249708 13.00066817232537
-11.05676673030953 4.597266981719908
0.18278055394645776 -10.397035051716305
19.60064413465024 -16.208844776788336
