13.972871482511422 15.990330929647186 1
-11.144875061429445 11.258458617984076 0
8.532802888791284 -8.009679677299575 1
11.840472945044041 -14.25431403159628 1
-6.473595566099636 12.226032729731187 0
-10.90343852062945 9.120372087800426 0
-11.755323444926189 -0.41199000858733825 0
-19.6818168561235 -17.873355648212616 0
5.233751190290317 9.018867655606183 1
3.4339595525975497 5.718716869989457 1
0.2643470228587361 7.787199747783898 1
-2.0559260298864217 -0.07469742852057948 1
-17.012024238186232 17.116559290271965 0
-4.373645194014685 8.699104451947917 0
-10.348371249154539 8.415093179471413 0
19.74031237420259 1.1662985687938665 1
-6.036043483265834 16.593306411294137 0
-14.785728555123336 -11.99999117211953 0
6.847135162285451 -7.135031796810022 1
-10.92723583157817 8.970724064097514 0
-10.843275683135275 16.4118827818455 0
8.850195222443766 -18.258206038974997 1
15.325727954643654 5.4440618833953565 1
-19.90665496388265 -9.664519014166718 0
2.443784784453854 -9.420756719719087 1
-18.1331310557545 -4.855024880984246 0
-13.777639500357694 -11.644713142702333 0
5.2194123986010545 -10.785517752696308 1
7.192081620854594 -2.349459119898839 1
-16.770922171120976 -7.7648968342436895 0
12.369181397323118 9.501040955515204 1
-6.996459013993315 -17.101110998571926 1
13.676311025431389 -10.001681313950442 1
6.699162972678504 13.421784615800178 1
19.84405968333759 -8.472972042589992 1
-4.936580698332058 -10.385967657899826 1
11.383935244483144 17.87498126681281 1
-9.9718983992638 17.89580208124923 0
7.034166439887443 -8.799985707253427 1
4.110843265537426 17.854404322581217 0
-18.080030657754662 -14.732507506753016 0
15.924581002894215 17.850508714687933 1
2.7514619827231854 7.326776357320604 1
5.083425408415835 2.815865375101044 1
12.843847778576375 6.68497557648735 1
12.91794754065824 17.890321125559588 1
-7.404442287521222 -17.43407840675414 1
-16.064879804988905 -11.606119922225645 0
-2.009969355872478 16.2508178678671 0
18.229154041290045 -6.062693297341365 1
-10.799724740945088 -1.9359241184436158 0
13.661824991211155 -2.4399152063626985 1
15.629607826008474 -18.021750577997384 1
6.5877061110466 -0.4977424639644852 1
-18.433263953711595 -8.512713208159465 0
-2.0936569468923807 -19.68081122367911 1
-15.880684589471725 -5.355646326836521 0
18.424482473152864 8.177145829044683 1
-6.245108724671651 -0.6973056098288346 0
-19.301695177023607 18.606221713518387 0
4.838254916837403 18.378161350409073 1
-0.7427601354534232 16.195557423716778 0
-11.504928717316991 9.3540187375663 0
-16.527040209428936 7.288502963393707 0
1.062964899929284 -1.7324852433569582 1
-14.220205360509826 13.034349739565883 0
12.012886240241947 9.133952354136312 1
11.519200920202806 -11.333373354023033 1
8.041108816691477 -1.8277040320926048 1
8.507560092940697 -14.867698626968728 1
16.18967957274611 -13.345659915235895 1
15.269337158679534 18.216966605882867 1
5.0465527827837136 16.296589623225096 1
-4.672584397325416 0.4973881540521248 0
-2.467456834929397 -15.242193987328738 1
6.6997162125950815 9.674382521326926 1
15.085905050051672 6.428479990223188 1
-12.85567737339305 -8.698825682403388 0
-13.922083638798618 9.430054978537807 0
-12.465576949136263 19.876030035681637 0
-3.781480635404325 -10.6336314086911 1
18.413185892177253 11.991779048310175 1
-13.63684924562424 -13.662302877707422 0
3.6841576971676524 4.802599445728749 1
-13.323709391386455 -4.094728445930183 0
-9.384644383086705 12.328990400827358 0
-18.59781141385385 -8.97480915610835 0
-9.907725189249291 -9.673685626750107 0
-18.435629896940796 -18.658310794810404 0
-14.31965226638168 -14.057836618296058 0
-7.277167417419893 -4.778351996831498 0
-15.01823656880295 -14.360174470040903 0
10.508448021286966 5.680002296434587 1
11.86010148588188 -18.189880857619578 1
-1.6988223124257544 2.145388888483378 1
12.653676493768693 3.8822243662567324 1
-4.856022354943601 15.172925231640093 0
-17.04212150570077 1.234239582834931 0
0.6769699057842082 -18.479970236648366 1
0.16290863928817956 12.864845991058637 0
12.381672750827995 0.41463409347263536 1
-16.367586607562114 -3.151823581540917 0
-11.124576605655818 0.6673299807322479 0
0.261274248783149 -18.026326736254184 1
9.978951593583826 17.780412193964985 1
16.766832100432154 -3.760406708481465 1
12.404076655757287 -11.506876108380673 1
-12.203305975354066 9.395870612493908 0
-6.520586729142517 14.891625297164907 0
-3.0133872324177524 4.203794558891882 0
0.4884004835084319 17.604409007045298 0
8.09953496347546 3.980005319826155 1
-11.915858230418937 -19.431713351830084 0
-6.941442259777123 -16.038778886459465 1
-6.051365871272093 11.961910733773337 0
13.006542778006647 0.8408715767707164 1
-13.16066847098889 -1.5984871828882348 0
-12.96955212658974 -13.013259238709143 0
6.893465168836531 2.1035530435757757 1
-19.368301871261977 5.100905594312806 0
13.578248014363162 -16.84902919218385 1
3.428386317423513 0.8153241015731219 1
1.4722255771416357 9.880167957016486 1
13.363900995284475 8.192799150846245 1
-11.931876602930359 15.468337176165818 0
-13.333054545428658 -17.639024053634973 0
13.835710339690273 15.308058323622127 1
5.737363509499591 11.845302466058637 1
-16.190342408955036 19.81857176581636 0
-19.888864030597468 9.66336375383792 0
12.923515108329497 17.610425770331595 1
15.345317159575572 6.180423593851092 1
-10.944039699987126 -6.588492363749378 0
-10.310078914027061 14.386185742232826 0
-14.477739860860485 5.670085945978649 0
-16.483316327896162 -13.73468453606909 0
16.483551768552566 -19.106014600103002 1
-19.167095036855354 5.887808674060857 0
0.16570100765444096 17.96293985192846 0
-8.250375283545853 -7.77543124543743 0
-19.791180044694396 -1.829193966108793 0
8.546639578596253 7.855906247440618 1
-13.128084203639805 -5.361029441664638 0
-2.869352369748693 7.77011514808698 0
0.7294185810179883 -14.791033049749691 1
-14.339940823415262 2.140223351739145 0
-13.928032258902698 13.681099240337666 0
-7.805436401454795 -8.279265986247806 0
10.690971731888137 3.7809833168447042 1
12.729071455582435 2.0949552431180223 1
-5.105933616181675 8.872828123073674 0
7.897754802072875 -9.245450476436297 1
-8.93340748258543 -11.632173456119048 0
19.56277445781553 -18.918254180913397 1
-14.533184125756001 -17.920625164630742 0
13.688107914559794 -6.159956033607731 1
0.41954512651451026 -9.607271615786011 1
12.220385676095916 0.08298222604092942 1
-13.85543222208895 -4.415377988343124 0
-6.592856489188623 13.049645855480016 0
-5.979382205700411 -10.120174936525572 1
13.480850264270018 0.4151186280790462 1
7.971823693675006 19.661557973212766 1
13.170800548810739 -2.4869507842714214 1
9.87244800845026 -18.53092037880076 1
-8.532529569327888 -4.377222868514652 0
-1.6272492369670175 12.472920417553283 0
17.55870752184265 2.418729590242542 1
13.56264324346202 18.800218578828932 1
-5.955601575187517 4.248168592224843 0
7.832370521325235 2.7738746743716547 1
-12.777520156028267 6.716067531193282 0
-2.156930394117971 18.396379679718052 0
-9.32808790819125 -16.09648495435364 1
-14.417443505434981 11.866474727388258 0
-8.11955936699054 -7.159648762016712 0
1.0341689910318053 8.624314045734778 1
-2.7139054804147023 18.74394850160173 0
18.310807414237665 -1.992592997347895 1
-1.4459670689411617 -7.182996884887958 1
9.028567684070033 -15.855357574227295 1
-0.14511506856975842 -2.9406785207913835 1
-4.246182915347475 5.421850454823538 0
13.668648373903451 4.643598282192016 1
9.60344456179584 3.8759300401849757 1
4.769021228626048 -19.228930984310427 1
4.10994024810369 -18.452689373782864 1
17.096827154606075 -2.1179785636054795 1
-2.1321150676381535 12.56859024082425 0
16.8369275595348 3.4100638172795 1
-5.571318041798786 -13.615725308805104 1
18.448555605996695 -5.496183899450546 1
13.145645365448686 -15.562362104754168 1
12.836889298682934 15.501385191131682 1
16.65385255359182 -0.2031673113100112 1
-11.605203311235934 0.9423726001048536 0
-18.446596651740755 -7.700667452488368 0
9.88004967799123 -11.670913106390737 1
-15.167234933793976 -1.0275311469792356 0
-15.031437346109563 9.546447380974147 0
